# Matriks 5x5 pertama
nested_list_1 = [
    [4, 2, 7, 1, 5],
    [3, 6, 2, 8, 9],
    [5, 1, 3, 4, 2],
    [9, 2, 6, 7, 3],
    [8, 5, 1, 2, 4]
]
# Matriks 5x5 kedua
nested_list_2 = [
    [6, 3, 2, 7, 1],
    [4, 8, 9, 5, 2],
    [1, 7, 3, 6, 8],
    [5, 2, 4, 3, 9],
    [9, 6, 1, 4, 7]
]
# Matriks 5X5 ketiga atau Hasil perkalian Matriks
[89, 109, 56, 103, 108]
[165, 141, 107, 123, 166]
[75, 64, 46, 78, 81]
[130, 117, 85, 142, 145]
[115, 99, 76, 109, 72]
